U 2453184.9025 79.21 -0.428 -6.348 6.362 0.596 133.1  2.7   1.9 6.348 0.634
B 2453184.9008 79.23 -0.155 -6.267 6.269 0.347 134.3  1.6   0.6 6.267 0.354
V 2453184.8975 79.27 -0.214 -5.020 5.025 0.244 133.8  1.4   1.0 5.021 0.253
R 2453184.9029 79.20 -0.223 -4.408 4.414 0.275 133.6  1.8   1.5 4.408 0.288
I 2453184.9050 79.18  0.659 -5.164 5.206 0.571 138.6  3.1   3.6 5.166 0.637
U 2453185.7840 69.76  4.126 -3.670 5.522 0.788 159.2  4.1   5.9 5.404 0.932
U 2453185.8593 68.98  5.639 -3.909 6.861 0.776 162.6  3.2   4.7 6.768 0.893
U 2453185.9008 68.55  6.376 -2.260 6.765 0.593 170.2  2.5   1.7 6.753 0.626
U 2453185.9357 68.20  3.940 -1.338 4.161 0.815 170.6  5.5   1.0 4.158 0.843
B 2453185.7898 69.70  3.722 -3.959 5.434 0.349 156.6  1.8   8.7 5.187 0.437
B 2453185.8530 69.05  4.303 -2.682 5.070 0.331 164.0  1.9   3.1 5.040 0.366
B 2453185.9002 68.56  4.731 -2.264 5.244 0.438 167.2  2.4   1.4 5.238 0.458
B 2453185.9299 68.25  4.233 -2.261 4.799 0.512 165.9  3.0   3.5 4.763 0.570
V 2453185.7904 69.70  3.770 -2.555 4.554 0.152 162.9  1.0   2.4 4.539 0.165
V 2453185.8516 69.06  3.789 -2.272 4.418 0.145 164.5  0.9   2.6 4.400 0.157
V 2453185.8933 68.63  3.855 -1.835 4.270 0.107 167.3  0.7   1.1 4.267 0.112
V 2453185.9330 68.22  3.875 -1.490 4.152 0.147 169.5  1.0   0.0 4.152 0.147
R 2453185.7822 69.78  3.401 -2.110 4.003 0.110 164.1  0.8   1.0 4.001 0.114
R 2453185.8484 69.10  3.926 -2.552 4.683 0.149 163.5  0.9   3.6 4.647 0.166
R 2453185.8951 68.61  3.786 -1.924 4.246 0.109 166.5  0.7   1.9 4.237 0.116
R 2453185.9316 68.24  3.452 -1.593 3.802 0.124 167.6  0.9   1.9 3.794 0.132
I 2453185.7924 69.67  3.628 -2.667 4.503 0.241 161.8  1.5   3.5 4.469 0.269
I 2453185.8573 69.00  3.765 -2.066 4.295 0.185 165.6  1.2   1.7 4.287 0.196
I 2453185.8979 68.58  3.683 -1.108 3.846 0.246 171.6  1.8   3.1 3.824 0.271
I 2453185.9339 68.21  3.864 -1.675 4.211 0.285 168.3  1.9   1.3 4.207 0.297
U 2453186.7300 61.55  5.595 -0.072 5.596 0.812 179.6  4.1 174.5 5.492 0.952
U 2453186.8847 60.30  5.573  1.316 5.726 0.709   6.6  3.5   0.9 5.723 0.729
U 2453186.9198 60.02  4.189  1.931 4.613 0.407  12.4  2.5   4.4 4.559 0.464
B 2453186.7180 61.65  4.521  0.318 4.532 0.256   2.0  1.6   3.0 4.508 0.281
B 2453186.7591 61.32  5.036  0.467 5.058 0.306   2.6  1.7   3.0 5.031 0.335
B 2453186.7962 61.02  5.691 -0.339 5.701 0.458 178.3  2.3 172.1 5.486 0.565
B 2453186.8765 60.36  4.952  0.727 5.005 0.390   4.2  2.2   3.2 4.973 0.431
B 2453186.9180 60.03  3.526  1.119 3.699 0.224   8.8  1.7   0.8 3.697 0.230
V 2453186.7303 61.55  3.449  0.423 3.475 0.128   3.5  1.1   1.7 3.469 0.136
V 2453186.7712 61.22  3.538  0.736 3.614 0.163   5.9  1.3   0.1 3.614 0.163
V 2453186.8251 60.78  3.507  0.495 3.542 0.228   4.0  1.8   2.6 3.527 0.248
V 2453186.8698 60.42  3.454  0.956 3.584 0.087   7.7  0.7   0.4 3.583 0.088
V 2453186.9137 60.06  3.192  0.908 3.319 0.082   7.9  0.7   0.0 3.319 0.082
R 2453186.7320 61.53  3.275  0.699 3.349 0.091   6.0  0.8   0.8 3.347 0.093
R 2453186.7743 61.19  3.227  0.428 3.255 0.093   3.8  0.8   2.1 3.247 0.100
R 2453186.8238 60.79  3.398  1.176 3.596 0.173   9.5  1.4   2.9 3.577 0.190
R 2453186.8636 60.47  3.016  0.785 3.117 0.161   7.3  1.5   0.1 3.117 0.161
R 2453186.9090 60.10  2.989  0.944 3.135 0.083   8.8  0.8   0.9 3.133 0.086
I 2453186.7227 61.61  2.939  1.142 3.153 0.231  10.6  2.1   5.6 3.094 0.272
I 2453186.7591 61.32  3.253  0.742 3.336 0.145   6.4  1.2   0.8 3.335 0.149
I 2453186.7992 60.99  3.267  0.033 3.268 0.303   0.3  2.6   5.9 3.198 0.359
I 2453186.8501 60.58  2.788  0.716 2.878 0.256   7.2  2.5   0.2 2.878 0.258
I 2453186.8934 60.23  2.906  0.594 2.966 0.221   5.8  2.1   1.9 2.960 0.235
I 2453186.9226 59.99  3.119  1.502 3.462 0.224  12.9  1.8   4.8 3.413 0.258
U 2453187.9169 53.58  5.493  2.522 6.045 0.408  12.3  1.9   4.4 5.975 0.465
B 2453187.7306 54.77  4.596  1.262 4.766 0.276   7.7  1.7   7.6 4.599 0.338
B 2453187.7634 54.56  4.648  1.657 4.935 0.419   9.8  2.4   5.7 4.836 0.494
B 2453187.9086 53.64  3.908  1.706 4.264 0.226  11.8  1.5   4.8 4.203 0.261
V 2453187.7354 54.74  3.120  1.348 3.399 0.199  11.7  1.7   3.6 3.372 0.223
V 2453187.7798 54.45  2.854  0.921 2.999 0.246   8.9  2.3   6.7 2.917 0.297
V 2453187.8197 54.20  2.993  1.676 3.430 0.196  14.6  1.6   1.3 3.426 0.205
V 2453187.8720 53.87  2.671  0.869 2.809 0.227   9.0  2.3   7.4 2.717 0.277
V 2453187.9124 53.61  2.712  1.570 3.134 0.104  15.0  0.9   1.6 3.129 0.109
R 2453187.7350 54.74  2.847  1.262 3.114 0.237  12.0  2.2   3.4 3.093 0.263
R 2453187.7900 54.39  2.977  2.150 3.672 0.230  17.9  1.8   2.2 3.662 0.247
R 2453187.8303 54.13  2.107  1.744 2.735 0.277  19.8  2.9   3.8 2.712 0.310
R 2453187.8722 53.87  2.609  1.292 2.911 0.144  13.2  1.4   3.2 2.893 0.159
R 2453187.9139 53.60  2.429  1.484 2.847 0.093  15.7  0.9   1.0 2.845 0.096
I 2453187.7316 54.76  2.013  0.737 2.143 0.397  10.1  5.2   5.2 2.108 0.461
I 2453187.7758 54.48  2.280  0.768 2.406 0.252   9.3  3.0   6.3 2.347 0.301
I 2453187.8189 54.21  2.269  1.346 2.638 0.377  15.3  4.1   0.6 2.637 0.385
I 2453187.8827 53.80  2.255  1.323 2.614 0.260  15.2  2.8   1.2 2.612 0.271
I 2453187.9160 53.59  2.586  1.614 3.049 0.172  16.0  1.6   0.7 3.048 0.176
U 2453190.7073 41.87  2.023  1.157 2.330 0.499  14.9  6.0   9.3 2.209 0.630
U 2453190.7495 41.72  1.275  1.236 1.776 0.701  22.1 10.8   2.2 1.771 0.749
U 2453190.7963 41.56  1.600  2.781 3.209 0.643  30.0  5.7   5.7 3.145 0.756
B 2453190.7032 41.88  1.673  1.302 2.120 0.249  18.9  3.3   5.2 2.085 0.289
B 2453190.7494 41.72  1.272  1.809 2.212 0.175  27.5  2.3   3.2 2.198 0.194
B 2453190.7953 41.56  1.424  1.853 2.337 0.207  26.2  2.5   1.9 2.332 0.220
B 2453190.8247 41.46  1.443  1.754 2.271 0.388  25.3  4.9   0.9 2.270 0.400
V 2453190.6818 41.95  1.173  1.425 1.846 0.121  25.3  1.9   1.2 1.844 0.126
V 2453190.7295 41.79  1.508  1.524 2.144 0.229  22.7  3.1   1.5 2.141 0.241
V 2453190.7709 41.65  1.179  1.287 1.745 0.130  23.7  2.1   0.5 1.745 0.132
V 2453190.8127 41.50  0.978  1.256 1.592 0.117  26.0  2.1   1.7 1.589 0.124
V 2453190.8350 41.42  0.857  1.286 1.545 0.001  28.2  0.1   3.8 1.532 0.001
R 2453190.6818 41.95  1.230  1.225 1.736 0.070  22.4  1.2   1.6 1.733 0.074
R 2453190.7251 41.81  1.040  1.372 1.721 0.164  26.4  2.7   2.2 1.716 0.176
R 2453190.7700 41.65  1.179  1.459 1.876 0.088  25.5  1.3   1.3 1.874 0.091
R 2453190.8136 41.50  1.138  1.276 1.710 0.079  24.1  1.3   0.2 1.710 0.080
R 2453190.8350 41.42  1.118  1.070 1.548 0.001  21.9  0.1   2.5 1.542 0.001
I 2453190.6846 41.94  1.349  1.445 1.977 0.201  23.5  2.9   0.6 1.977 0.205
I 2453190.7359 41.77  0.856  1.789 1.983 0.228  32.2  3.3   8.0 1.906 0.282
I 2453190.7803 41.61  1.044  1.436 1.776 0.213  27.0  3.4   2.7 1.768 0.232
I 2453190.8190 41.48  0.941  1.308 1.612 0.185  27.1  3.3   2.8 1.604 0.202
